9952264186728472799492773251726114560010685206748407194221865488484311963684861798901503718062057001456096317809580219518563771742989145466767338429558113838850875786053084111668270274141526338708327532166359135732852763990885824976572124275899889543151559
2539824272192085934348540980190897287608782397949821098291298533788595559940520975718985174396916943175827369563429612877209401227096598729838068838286494499209590759436174143539162803107433539674141247621805774301125431719090751598802218570770287272384403
6455015688010537939182144442129456045651704997070487339848445026826918162196630814686790677589571803814776913314008711081613635875258437626066118369461610249590286310605623561422620961131849106996079681939831197239915209910324930554751749858430042589025019
6512133653218640875942967806818284057379432828330984743348142758343677293456693038333799487495229311343944455806009671020369207001116859056746208145267186979071190325745547184557985226757149713911574426839145419506847447688865829594341596892147041576908409
6219619026126259014483754896689720397990720253161260839496813429410371468305418837736152095974534604486577120204539407357380796809359402957652379033935424753581919969198002304536061496625627057602183135415161418660118943969774370341193163899287950108017961
9808005062556769303356686947793253509544448996396795537393788084119050592007340651677684827785682880884823542702202446072527101379333500639086722103170555545916337565932149996242169419578120033827043471870184844969169626083908113707286639643296743228280519
1084830188874984134949495078778064919189114966292296927682509045661535572907550970123841340574156063384152684954492384236856710377288716736652483082234016659566629029882607130254755629569382385905082289092628217926969338657633714123697598561140266984395291
1640364823434526211796324496077482843525224705063040408836622863342485071804991668001534976218987038189759586342477448945793059117575608341682572290957920209802965172441691853882491307017450350464137877235944526765382634110537014950449268304359466061939077
3426276554557030978117741108026647382117069429565954281969029600268885694899292551222527516572507742339714918505650705381597970863354390094126648817418353513048816080281772612528139998298825792315518270451498520338196242504478068286116772179117824036582949
3527295277720811033215446032614129330014444621288018319211632962348334960973428872975203567879487463742592937141861261920589394711281203185254040383050633071549938303376664109700799421788780847509874585189967592728105212480178392559286892595114567736619673
2891377463943823448734779571143758217789353129065515200522910304356158699598047541234289044544943242100610647676934795865115249505011066483433658414443296277512800139120790452439882133929639360638016563594867984854314743684793823826118098443425825753995871
4322567299521360064551400774396229317664706489004875700235523299911181019866956531800446157116219599012675705558964673798620121211331191284115421861840866369126713801518531554570955316781020240936548234705129484988352171734281667309804667914267956380847101
2377826332661483301414384642787359351705546282667100495600533259757686148403109971202163820407985435788839292957466369241979613602380328813414403099792146626104277389199384765630098991987294142457224072648265578140118641867308164241004862296014489522114841
8291954498657913580739668105135406223204871773618358623361567647557349158799364714611601481876565427569886653476739520937826203986352294718789984604601714628844250168444026015399256551116049295523647781037159720589373813977941017388398767888475618766797617
7021721534419556630686470007302048002551495142223635577328882048612416702774926539042945771039111170398181252862078984696055278805737231114451802065750429606656134636705427899631853076679252097431185790819923505619780169102417428644069185530052864127046657
6828232787789055941312585079946408050512961179423983715099239100344476975785112805684317330477539906323248977155456954513144253357076543123813356698781067622256713937369992735495233213074060751580880676408920338132101966164388507793548539648388488939722783
2403200782947389069420660802611706396647228073137407679216245230278973288120013820931422823942765442230159725830974856472930166202317078137400170271988404518150618630521904132798099563901003425330486853457756508088349776757342421480431623071154058810913327
6818564285951984316936101689644909525491607840540632467707334097453480876814752220675946319152113642943121877215975881328474307685532823043747356043310006191352092373710912591417733562690047818000097614778567947644790405525866852487832279736893496817105607
5124598225848867616720110032023472350113858346160514670629474795350475173144860653239024339577212464163340131722498682066136957355535407481769267548478362492357689902056620795117904487929016934359503818719777921502052594491226190133687644852820793104848517
6925898298097176650213594234931078747444264535154369067418534708232366126177357942493018424815124967967001537103478800212024662246081767034346840935729411925427942505893889671087985613288542004110509182353678915584753146944710415777574930134062115321981193
1602097280762825188965270040140373555748300073723581506159379117641540180619492331674254133833865844603982483395880546954678394785097807657783082432325489935919464720632741749895720294236662097717547657388979035661179446811776051953951110479169864409136897
7123930866606315214451677665665744813483783982180604060638793281578669409013282312415907790138592071725651244982571563913752113729836422709161764960788740014364511215222214413363008929088408552230092230485768970354651228641497018762005470103720997743673959
1406558498955256908081744184318851464859249764083926087524838863230714339387109447145489682474543386009244776284785501692107949897512621842622289986261830099191570008696392218244817162136586371668741989436935201954850116641016549599167169448122954046817789
4398097732145145607673328585068805260910238355629964684103223647272649013991365047457752192952472007138207032312408093935912024109225346445437339203276290168400980293844673548269905878341701291770553302669926256637547360738855360461602003747524641847325711
3919949595514901812312728109417810912682810197689709667320269293812777934939344008637538479279044621563086032309424879563210821804049719407265483414184479668639606285297254510702151526671844382742735536607263692453516757669301408980537342149214353339687317
7828067771837910399821059865024300030624343525854639067461299351870126252437078203251106104911109526092695825720540970910642917399053262423086590865878033333101584282244489041313343831434808508258343528026205888037583694463318437577638274778134074059825839
1284950261220183196183697900755766782743185489559997671349568991105021375656576127033616585784365370175502576299129558823713027787671677964298990616737525609439012670350261775995223569791560979172672544813512777945736942210508203435910025131834409593276613
3453257872478816979206752611111322779207927024722939831402788287833565116198511894895860185093961595763613817877478456460390232438915237178467799603577684017684339047045872075156643148350609265782357314370444184527275004587441530283711751446308882628507331
